1.00000e-02 1.00000e-02 -7.43429e+00 5.90050e-01 -7.20518e+00
3.20000e-02 1.00000e-02 -7.64087e+00 2.52470e-01 -7.04308e+00
1.00000e-01 1.00000e-02 -8.04343e+00 8.97420e-02 -6.99642e+00
3.20000e-01 1.00000e-02 -8.51872e+00 2.90370e-02 -6.98167e+00
1.00000e+00 1.00000e-02 -9.00434e+00 9.39320e-03 -6.97716e+00
3.16000e+00 1.00000e-02 -9.50106e+00 2.98290e-03 -6.97569e+00
1.00000e+01 1.00000e-02 -1.00004e+01 9.43650e-04 -6.97525e+00
1.00000e-02 1.80000e-02 -7.78162e+00 7.41333e-01 -7.65163e+00
3.20000e-02 1.80000e-02 -7.74947e+00 3.88354e-01 -7.33870e+00
1.00000e-01 1.80000e-02 -8.07818e+00 1.49541e-01 -7.25294e+00
3.20000e-01 1.80000e-02 -8.52958e+00 4.97459e-02 -7.22634e+00
1.00000e+00 1.80000e-02 -9.00782e+00 1.62336e-02 -7.21823e+00
3.16000e+00 1.80000e-02 -9.50216e+00 5.16978e-03 -7.21563e+00
1.00000e+01 1.80000e-02 -1.00008e+01 1.63697e-03 -7.21482e+00
1.00000e-02 3.20000e-02 -8.38974e+00 8.05950e-01 -8.29605e+00
3.20000e-02 3.20000e-02 -7.93945e+00 5.44610e-01 -7.67554e+00
1.00000e-01 3.20000e-02 -8.13897e+00 2.38430e-01 -7.51633e+00
3.20000e-01 3.20000e-02 -8.54858e+00 8.31540e-02 -7.46847e+00
1.00000e+00 3.20000e-02 -9.01390e+00 2.75500e-02 -7.45402e+00
3.16000e+00 3.20000e-02 -9.50408e+00 8.81720e-03 -7.44941e+00
1.00000e+01 3.20000e-02 -1.00014e+01 2.79620e-03 -7.44796e+00
1.00000e-02 5.60000e-02 -9.43011e+00 7.99825e-01 -9.33311e+00
3.20000e-02 5.60000e-02 -8.26507e+00 6.80325e-01 -8.09778e+00
1.00000e-01 5.60000e-02 -8.24322e+00 3.58876e-01 -7.79817e+00
3.20000e-01 5.60000e-02 -8.58116e+00 1.35194e-01 -7.71212e+00
1.00000e+00 5.60000e-02 -9.02432e+00 4.59524e-02 -7.68663e+00
3.16000e+00 5.60000e-02 -9.50738e+00 1.48306e-02 -7.67854e+00
1.00000e+01 5.60000e-02 -1.00024e+01 4.71585e-03 -7.67599e+00
1.00000e-02 1.00000e-01 -1.13071e+01 7.71199e-01 -1.11943e+01
3.20000e-02 1.00000e-01 -8.86012e+00 7.51156e-01 -8.73585e+00
1.00000e-01 1.00000e-01 -8.43430e+00 5.07790e-01 -8.13999e+00
3.20000e-01 1.00000e-01 -8.64093e+00 2.17834e-01 -7.97906e+00
1.00000e+00 1.00000e-01 -9.04346e+00 7.75090e-02 -7.93281e+00
3.16000e+00 1.00000e-01 -9.51344e+00 2.54009e-02 -7.91829e+00
1.00000e+01 1.00000e-01 -1.00043e+01 8.11662e-03 -7.91372e+00
1.00000e-02 1.80000e-01 -1.47772e+01 7.35362e-01 -1.46437e+01
3.20000e-02 1.80000e-01 -9.94597e+00 7.42110e-01 -9.81644e+00
1.00000e-01 1.80000e-01 -8.78162e+00 6.38348e-01 -8.58668e+00
3.20000e-01 1.80000e-01 -8.74946e+00 3.34684e-01 -8.27410e+00
1.00000e+00 1.80000e-01 -9.07818e+00 1.28933e-01 -8.18855e+00
3.16000e+00 1.80000e-01 -9.52443e+00 4.34269e-02 -8.16219e+00
1.00000e+01 1.80000e-01 -1.00078e+01 1.40008e-02 -8.15397e+00
1.00000e-02 3.20000e-01 -2.06660e+01 7.06468e-01 -2.05151e+01
3.20000e-02 3.20000e-01 -1.18387e+01 7.10227e-01 -1.16901e+01
1.00000e-01 3.20000e-01 -9.38918e+00 6.94765e-01 -9.23102e+00
3.20000e-01 3.20000e-01 -8.93946e+00 4.69368e-01 -8.61097e+00
1.00000e+00 3.20000e-01 -9.13899e+00 2.05553e-01 -8.45192e+00
3.16000e+00 3.20000e-01 -9.54367e+00 7.25603e-02 -8.40437e+00
1.00000e+01 3.20000e-01 -1.00139e+01 2.37563e-02 -8.38968e+00
1.00000e-02 5.60000e-01 -2.98695e+01 6.83922e-01 -2.97045e+01
3.20000e-02 5.60000e-01 -1.49528e+01 6.86422e-01 -1.47894e+01
1.00000e-01 5.60000e-01 -1.04209e+01 6.90335e-01 -1.02600e+01
3.20000e-01 5.60000e-01 -9.26466e+00 5.86634e-01 -9.03303e+00
1.00000e+00 5.60000e-01 -9.24330e+00 3.09559e-01 -8.73405e+00
3.16000e+00 5.60000e-01 -9.57671e+00 1.17998e-01 -8.64859e+00
1.00000e+01 5.60000e-01 -1.00243e+01 3.96546e-02 -8.62264e+00
1.00000e-02 1.00000e+00 -inf 6.57614e-01 -inf
3.20000e-02 1.00000e+00 -2.05844e+01 6.59378e-01 -2.04035e+01
1.00000e-01 1.00000e+00 -1.23071e+01 6.62923e-01 -1.21286e+01
3.20000e-01 1.00000e+00 -9.86012e+00 6.45930e-01 -9.67031e+00
1.00000e+00 1.00000e+00 -9.43430e+00 4.36979e-01 -9.07476e+00
3.16000e+00 1.00000e+00 -9.63720e+00 1.89535e-01 -8.91489e+00
1.00000e+01 1.00000e+00 -1.00435e+01 6.67332e-02 -8.86780e+00
1.00000e-02 1.78000e+00 -inf 6.23840e-01 -inf
3.20000e-02 1.78000e+00 -3.12137e+01 6.25285e-01 -3.10098e+01
1.00000e-01 1.78000e+00 -1.56915e+01 6.28075e-01 -1.54895e+01
3.20000e-01 1.78000e+00 -1.09180e+01 6.34693e-01 -1.07205e+01
1.00000e+00 1.78000e+00 -9.77289e+00 5.45367e-01 -9.50958e+00
3.16000e+00 1.78000e+00 -9.74435e+00 2.87716e-01 -9.20332e+00
1.00000e+01 1.78000e+00 -1.00773e+01 1.09661e-01 -9.11737e+00
1.00000e-02 3.16000e+00 -inf 5.99914e-01 -inf
3.20000e-02 3.16000e+00 -inf 6.00941e-01 -inf
1.00000e-01 3.16000e+00 -2.14223e+01 6.02025e-01 -2.12019e+01
3.20000e-01 3.16000e+00 -1.27650e+01 6.04903e-01 -1.25467e+01
1.00000e+00 3.16000e+00 -1.03702e+01 5.91920e-01 -1.01425e+01
3.16000e+00 3.16000e+00 -9.93399e+00 4.01468e-01 -9.53764e+00
1.00000e+01 3.16000e+00 -1.01373e+01 1.74179e-01 -9.37830e+00
1.00000e-02 5.62000e+00 -inf 5.74319e-01 -inf
3.20000e-02 5.62000e+00 -inf 5.75205e-01 -inf
1.00000e-01 5.62000e+00 -3.21424e+01 5.75960e-01 -3.19028e+01
3.20000e-01 5.62000e+00 -1.61023e+01 5.77666e-01 -1.58640e+01
1.00000e+00 5.62000e+00 -1.14380e+01 5.82309e-01 -1.12031e+01
3.16000e+00 5.62000e+00 -1.02719e+01 5.00286e-01 -9.97114e+00
1.00000e+01 5.62000e+00 -1.02441e+01 2.63803e-01 -9.66538e+00
1.00000e-02 1.00000e+01 -inf 5.57200e-01 -inf
3.20000e-02 1.00000e+01 -inf 5.57940e-01 -inf
1.00000e-01 1.00000e+01 -inf 5.58290e-01 -inf
3.20000e-01 1.00000e+01 -2.20769e+01 5.58610e-01 -2.18240e+01
1.00000e+00 1.00000e+01 -1.33429e+01 5.60160e-01 -1.30913e+01
3.16000e+00 1.00000e+01 -1.08740e+01 5.46560e-01 -1.06117e+01
1.00000e+01 1.00000e+01 -1.04343e+01 3.69900e-01 -1.00024e+01
